image_00000 241 111 257 129
image_00001 243 111 257 129
image_00002 244 111 260 129
image_00003 243 106 259 127
image_00004 241 110 256 129
image_00005 243 111 257 129
image_00006 242 105 257 127
image_00007 238 113 258 130
image_00008 239 112 260 133
image_00009 243 107 260 127
image_00010 243 107 257 128
image_00011 244 107 260 129
image_00012 243 107 258 129
image_00013 243 108 257 130
image_00014 242 110 256 131
image_00015 241 109 255 128
image_00016 241 110 257 130
image_00017 242 108 258 129
image_00018 242 106 258 126
image_00019 242 107 256 127
image_00020 243 106 257 127
image_00021 241 108 256 129
image_00022 243 110 256 129
image_00023 241 110 255 130
image_00024 240 106 256 129
image_00025 239 108 258 133
image_00026 241 105 256 127
image_00027 239 106 255 128
image_00028 242 109 257 131
image_00029 240 108 255 128
image_00030 239 107 254 129
image_00031 240 100 255 127
image_00032 240 108 255 132
image_00033 241 106 256 129
image_00034 239 105 254 128
image_00035 240 106 253 127
image_00036 239 103 253 126
image_00037 239 107 252 127
image_00038 239 109 254 129
image_00039 240 107 253 127
image_00040 240 106 256 127
image_00041 239 104 255 129
image_00042 240 107 252 130
image_00043 238 102 252 126
image_00044 234 110 252 132
image_00045 237 108 251 128
image_00046 239 108 254 129
image_00047 237 110 253 130
image_00048 236 110 251 132
image_00049 237 109 252 131
image_00050 235 106 251 129
image_00051 237 104 254 128
image_00052 232 102 252 128
image_00053 235 103 252 131
image_00054 237 106 252 127
image_00055 238 109 252 129
image_00056 236 108 254 133
image_00057 236 108 252 131
image_00058 236 106 252 131
image_00059 237 105 254 131
image_00060 235 106 253 133
image_00061 235 107 254 134
image_00062 235 107 252 131
image_00063 236 108 252 128
